time,growth_rate,length
1205972992,0,0
1205976592,11.3914,250.4746
1205980192,11.3914,250.9493
1205983792,11.3914,251.4239
1205987392,11.3914,251.8986
1205990992,11.3914,252.3732
1205994592,11.3914,252.8478
1205998192,11.3914,253.3225
1206001792,11.3914,253.7971
1206005392,11.3914,254.2718
1206008992,11.3914,254.7464
1206012592,11.3914,255.221
1206016192,11.3914,255.6957
1206019792,11.3914,256.1703
1206023392,11.3914,256.645
1206026992,11.3914,257.1196
1206030592,11.3914,257.5942
1206034192,11.3914,258.0689
1206037792,11.3914,258.5435
1206041392,11.3914,259.0182
1206044992,11.3914,259.4928
1206048592,11.3914,259.9674
1206052192,11.3914,260.4421
1206055792,11.3914,260.9167
1206059392,11.3914,261.3914
1206062992,11.3914,261.866
1206066592,11.3914,262.3406
1206070192,11.3914,262.8153
1206073792,11.3914,263.2899
1206077392,11.3914,263.7646
1206080992,11.3914,264.2392
1206084592,11.3914,264.7138
1206088192,11.3914,265.1885
1206091792,11.3914,265.6631
1206095392,11.3914,266.1378
1206098992,11.3914,266.6124
1206102592,11.3914,267.087
1206106192,11.3914,267.5617
1206109792,11.3914,268.0363
1206113392,11.3914,268.511
1206116992,11.3914,268.9856
1206120592,11.3914,269.4602
1206124192,11.3914,269.9349
1206127792,11.3914,270.4095
1206131392,11.3914,270.8842
1206134992,11.3914,271.3588
1206138592,11.3914,271.8334
1206142192,11.3914,272.3081
1206145792,11.3914,272.7827
1206149392,11.3914,273.2574
1206152992,11.3914,273.732
1206156592,11.3914,274.2066
1206160192,11.3914,274.6813
1206163792,11.3914,275.1559
1206167392,11.3914,275.6306
1206170992,11.3914,276.1052
1206174592,11.3914,276.5798
1206178192,11.3914,277.0545
1206181792,11.3914,277.5291
1206185392,11.3914,278.0038
1206188992,11.3914,278.4784
1206192592,11.3914,278.953
1206196192,11.3914,279.4277
1206199792,11.3914,279.9023
1206203392,11.3914,280.377
1206206992,11.3914,280.8516
1206210592,11.3914,281.3262
1206214192,11.3914,281.8009
1206217792,11.3914,282.2755
1206221392,11.3914,282.7502
1206224992,11.3914,283.2248
1206228592,11.3914,283.6994
1206232192,11.3914,284.1741
1206235792,11.3914,284.6487
1206239392,11.3914,285.1234
1206242992,11.3914,285.598
1206246592,11.3914,286.0726
1206250192,11.3914,286.5473
1206253792,11.3914,287.0219
1206257392,11.3914,287.4966
1206260992,11.3914,287.9712
1206264592,11.3914,288.4458
1206268192,11.3914,288.9205
1206271792,11.3914,289.3951
1206275392,11.3914,289.8698
1206278992,11.3914,290.3444
1206282592,11.3914,290.819
1206286192,11.3914,291.2937
1206289792,11.3914,291.7683
1206293392,11.3914,292.243
1206296992,11.3914,292.7176
1206300592,11.3914,293.1922
1206304192,11.3914,293.6669
1206307792,11.3914,294.1415
1206311392,11.3914,294.6161
1206314992,11.3914,295.0908
1206318592,11.3914,295.5654
1206322192,11.3914,296.0401
1206325792,11.3914,296.5147
1206329392,11.3914,296.9893
1206332992,11.3914,297.464
1206336592,11.3914,297.9386
1206340192,11.3914,298.4133
1206343792,11.3914,298.8879
1206347392,11.3914,299.3625
1206350992,11.3914,299.8372
1206354592,11.3914,300.3118
1206358192,11.3914,300.7865
1206361792,11.3914,301.2611
1206365392,11.3914,301.7357
1206368992,11.3914,302.2104
1206372592,11.3914,302.685
1206376192,11.3914,303.1597
1206379792,11.3914,303.6343
1206383392,11.3914,304.1089
1206386992,11.3914,304.5836
1206390592,11.3914,305.0582
1206394192,11.3914,305.5329
1206397792,11.3914,306.0075
1206401392,11.3914,306.4821
1206404992,11.3914,306.9568
1206408592,11.3914,307.4314
1206412192,11.3914,307.9061
1206415792,11.3914,308.3807
1206419392,11.3914,308.8553
1206422992,11.3914,309.33
1206426592,11.3914,309.8046
1206430192,11.3914,310.2793
1206433792,11.3914,310.7539
1206437392,11.3914,311.2285
1206440992,11.3914,311.7032
1206444592,11.3914,312.1778
1206448192,11.3914,312.6525
1206451792,11.3914,313.1271
1206455392,11.3914,313.6017
1206458992,11.3914,314.0764
1206462592,11.3914,314.551
1206466192,11.3914,315.0257
1206469792,11.3914,315.5003
1206473392,11.3914,315.9749
1206476992,11.3914,316.4496
1206480592,11.3914,316.9242
1206484192,11.3914,317.3989
1206487792,11.3914,317.8735
1206491392,11.3914,318.3481
1206494992,11.3914,318.8228
1206498592,11.3914,319.2974
1206502192,11.3914,319.7721
1206505792,11.3914,320.2467
1206509392,11.3914,320.7213
1206512992,11.3914,321.196
1206516592,11.3914,321.6706
1206520192,11.3914,322.1453
1206523792,11.3914,322.6199
1206527392,11.3914,323.0945
1206530992,11.3914,323.5692
1206534592,11.3914,324.0438
1206538192,11.3914,324.5185
1206541792,11.3914,324.9931
1206545392,11.3914,325.4677
1206548992,11.3914,325.9424
1206552592,11.3914,326.417
1206556192,11.3914,326.8917
1206559792,11.3914,327.3663
1206563392,11.3914,327.8409
1206566992,11.3914,328.3156
1206570592,11.3914,328.7902
1206574192,11.3914,329.2649
1206577792,11.3914,329.7395
1206581392,11.3914,330.2141
1206584992,11.3914,330.6888
1206588592,11.3914,331.1634
1206592192,11.3914,331.6381
1206595792,11.3914,332.1127
1206599392,11.3914,332.5873
1206602992,11.3914,333.062
1206606592,11.3914,333.5366
1206610192,11.3914,334.0113
1206613792,11.3914,334.4859
1206617392,11.3914,334.9605
1206620992,11.3914,335.4352
1206624592,11.3914,335.9098
1206628192,11.3914,336.3845
1206631792,11.3914,336.8591
1206635392,11.3914,337.3337
1206638992,11.3914,337.8084
1206642592,11.3914,338.283
1206646192,11.3914,338.7577
1206649792,11.3914,339.2323
1206653392,11.3914,339.7069
1206656992,11.3914,340.1816
1206660592,11.3914,340.6562
1206664192,11.3914,341.1309
1206667792,11.3914,341.6055
1206671392,11.3914,342.0801
1206674992,11.3914,342.5548
1206678592,11.3914,343.0294
1206682192,11.3914,343.5041
1206685792,11.3914,343.9787
1206689392,11.3914,344.4533
1206692992,11.3914,344.928
1206696592,11.3914,345.4026
1206700192,11.3914,345.8773
1206703792,11.3914,346.3519
1206707392,11.3914,346.8265
1206710992,11.3914,347.3012
1206714592,11.3914,347.7758
1206718192,11.3914,348.2505
1206721792,11.3914,348.7251
1206725392,11.3914,349.1997
1206728992,11.3914,349.6744
1206732592,11.3914,350.149
1206736192,11.3914,350.6237
1206739792,11.3914,351.0983
1206743392,11.3914,351.5729
1206746992,11.3914,352.0476
1206750592,11.3914,352.5222
1206754192,11.3914,352.9969
1206757792,11.3914,353.4715
1206761392,11.3914,353.9461
1206764992,11.3914,354.4208
1206768592,11.3914,354.8954
1206772192,11.3914,355.3701
1206775792,11.3914,355.8447
1206779392,11.3914,356.3193
1206782992,11.3914,356.794
1206786592,11.3914,357.2686
1206790192,11.3914,357.7433
1206793792,11.3914,358.2179
1206797392,11.3914,358.6925
1206800992,11.3914,359.1672
1206804592,11.3914,359.6418
1206808192,11.3914,360.1165
1206811792,11.3914,360.5911
1206815392,11.3914,361.0657
1206818992,11.3914,361.5404
1206822592,11.3914,362.015
1206826192,11.3914,362.4897
1206829792,11.3914,362.9643
1206833392,11.3914,363.4389
1206836992,11.3914,363.9136
1206840592,11.3914,364.3882
1206844192,11.3914,364.8629
1206847792,11.3914,365.3375
1206851392,11.3914,365.8121
1206854992,11.3914,366.2868
1206858592,11.3914,366.7614
1206862192,11.3914,367.2361
1206865792,11.3914,367.7107
1206869392,11.3914,368.1853
1206872992,11.3914,368.66
1206876592,11.3914,369.1346
1206880192,11.3914,369.6093
1206883792,11.3914,370.0839
1206887392,11.3914,370.5585
1206890992,11.3914,371.0332
1206894592,11.3914,371.5078
1206898192,11.3914,371.9825
1206901792,11.3914,372.4571
1206905392,11.3914,372.9317
1206908992,11.3914,373.4064
1206912592,11.3914,373.881
1206916192,11.3914,374.3557
1206919792,11.3914,374.8303
1206923392,11.3914,375.3049
1206926992,11.3914,375.7796
1206930592,11.3914,376.2542
1206934192,11.3914,376.7289
1206937792,11.3914,377.2035
1206941392,11.3914,377.6781
1206944992,11.3914,378.1528
1206948592,11.3914,378.6274
1206952192,11.3914,379.1021
1206955792,11.3914,379.5767
1206959392,11.3914,380.0513
1206962992,11.3914,380.526
1206966592,11.3914,381.0006
1206970192,11.3914,381.4753
1206973792,11.3914,381.9499
1206977392,11.3914,382.4245
1206980992,11.3914,382.8992
1206984592,11.3914,383.3738
1206988192,11.3914,383.8484
1206991792,11.3914,384.3231
1206995392,11.3914,384.7977
1206998992,11.3914,385.2724
1207002592,11.3914,385.747
1207006192,11.3914,386.2216
1207009792,11.3914,386.6963
1207013392,11.3914,387.1709
1207016992,11.3914,387.6456
1207020592,11.3914,388.1202
1207024192,11.3914,388.5948
1207027792,11.3914,389.0695
1207031392,11.3914,389.5441
1207034992,11.3914,390.0188
1207038592,11.3914,390.4934
1207042192,11.3914,390.968
1207045792,11.3914,391.4427
1207049392,11.3914,391.9173
1207052992,11.3914,392.392
1207056592,11.3914,392.8666
1207060192,11.3914,393.3412
1207063792,11.3914,393.8159
1207067392,11.3914,394.2905
1207070992,11.3914,394.7652
1207074592,11.3914,395.2398
1207078192,11.3914,395.7144
1207081792,11.3914,396.1891
1207085392,11.3914,396.6637
1207088992,11.3914,397.1384
1207092592,11.3914,397.613
1207096192,11.3914,398.0876
1207099792,11.3914,398.5623
1207103392,11.3914,399.0369
1207106992,11.3914,399.5116
1207110592,11.3914,399.9862
1207114192,11.3914,400.4608
1207117792,11.3914,400.9355
1207121392,11.3914,401.4101
1207124992,11.3914,401.8848
1207128592,11.3914,402.3594
1207132192,11.3914,402.834
1207135792,11.3914,403.3087
1207139392,11.3914,403.7833
1207142992,11.3914,404.258
1207146592,11.3914,404.7326
1207150192,11.3914,405.2072
1207153792,11.3914,405.6819
1207157392,11.3914,406.1565
1207160992,11.3914,406.6312
1207164592,11.3914,407.1058
1207168192,11.3914,407.5804
1207171792,11.3914,408.0551
1207175392,11.3914,408.5297
1207178992,11.3914,409.0044
1207182592,11.3914,409.479
1207186192,11.3914,409.9536
1207189792,11.3914,410.4283
1207193392,11.3914,410.9029
1207196992,11.3914,411.3776
1207200592,11.3914,411.8522
1207204192,11.3914,412.3268
1207207792,11.3914,412.8015
1207211392,11.3914,413.2761
1207214992,11.3914,413.7508
1207218592,11.3914,414.2254
1207222192,11.3914,414.7
1207225792,11.3914,415.1747
1207229392,11.3914,415.6493
1207232992,11.3914,416.124
1207236592,11.3914,416.5986
1207240192,11.3914,417.0732
1207243792,11.3914,417.5479
1207247392,11.3914,418.0225
1207250992,11.3914,418.4972
1207254592,11.3914,418.9718
1207258192,11.3914,419.4464
1207261792,11.3914,419.9211
1207265392,11.3914,420.3957
1207268992,11.3914,420.8704
1207272592,11.3914,421.345
1207276192,11.3914,421.8196
1207279792,11.3914,422.2943
1207283392,11.3914,422.7689
1207286992,11.3914,423.2436
1207290592,11.3914,423.7182
1207294192,11.3914,424.1928
1207297792,11.3914,424.6675
1207301392,11.3914,425.1421
1207304992,11.3914,425.6168
1207308592,11.3914,426.0914
1207312192,11.3914,426.566
1207315792,11.3914,427.0407
1207319392,11.3914,427.5153
1207322992,11.3914,427.99
1207326592,11.3914,428.4646
1207330192,11.3914,428.9392
1207333792,11.3914,429.4139
1207337392,11.3914,429.8885
1207340992,11.3914,430.3632
1207344592,11.3914,430.8378
1207348192,11.3914,431.3124
1207351792,11.3914,431.7871
1207355392,11.3914,432.2617
1207358992,11.3914,432.7364
1207362592,11.3914,433.211
1207366192,11.3914,433.6856
1207369792,11.3914,434.1603
1207373392,11.3914,434.6349
1207376992,11.3914,435.1096
1207380592,11.3914,435.5842
1207384192,11.3914,436.0588
1207387792,11.3914,436.5335
1207391392,11.3914,437.0081
1207394992,11.3914,437.4828
1207398592,11.3914,437.9574
1207402192,11.3914,438.432
1207405792,11.3914,438.9067
1207409392,11.3914,439.3813
1207412992,11.3914,439.856
1207416592,11.3914,440.3306
1207420192,11.3914,440.8052
1207423792,11.3914,441.2799
1207427392,11.3914,441.7545
1207430992,11.3914,442.2292
1207434592,11.3914,442.7038
1207438192,11.3914,443.1784
1207441792,11.3914,443.6531
1207445392,11.3914,444.1277
1207448992,11.3914,444.6024
1207452592,11.3914,445.077
1207456192,11.3914,445.5516
1207459792,11.3914,446.0263
1207463392,11.3914,446.5009
1207466992,11.3914,446.9756
1207470592,11.3914,447.4502
1207474192,11.3914,447.9248
1207477792,11.3914,448.3995
1207481392,11.3914,448.8741
1207484992,11.3914,449.3488
1207488592,11.3914,449.8234
1207492192,11.3914,450.298
1207495792,11.3914,450.7727
1207499392,11.3914,451.2473
1207502992,11.3914,451.722
1207506592,11.3914,452.1966
1207510192,11.3914,452.6712
1207513792,11.3914,453.1459
1207517392,11.3914,453.6205
1207520992,11.3914,454.0952
1207524592,11.3914,454.5698
1207528192,11.3914,455.0444
1207531792,11.3914,455.5191
1207535392,11.3914,455.9937
1207538992,11.3914,456.4684
1207542592,11.3914,456.943
1207546192,11.3914,457.4176
1207549792,11.3914,457.8923
1207553392,11.3914,458.3669
1207556992,11.3914,458.8416
1207560592,11.3914,459.3162
1207564192,11.3914,459.7908
1207567792,11.3914,460.2655
1207571392,11.3914,460.7401
1207574992,11.3914,461.2148
1207578592,11.3914,461.6894
1207582192,11.3914,462.164
1207585792,11.3914,462.6387
1207589392,11.3914,463.1133
1207592992,11.3914,463.588
1207596592,11.3914,464.0626
1207600192,11.3914,464.5372
1207603792,11.3914,465.0119
1207607392,11.3914,465.4865
1207610992,11.3914,465.9612
1207614592,11.3914,466.4358
1207618192,11.3914,466.9104
1207621792,11.3914,467.3851
1207625392,11.3914,467.8597
1207628992,11.3914,468.3344
1207632592,11.3914,468.809
1207636192,11.3914,469.2836
1207639792,11.3914,469.7583
1207643392,11.3914,470.2329
1207646992,11.3914,470.7076
1207650592,11.3914,471.1822
1207654192,11.3914,471.6568
1207657792,11.3914,472.1315
1207661392,11.3914,472.6061
1207664992,11.3914,473.0807
1207668592,11.3914,473.5554
1207672192,11.3914,474.03
1207675792,11.3914,474.5047
1207679392,11.3914,474.9793
1207682992,11.3914,475.4539
1207686592,11.3914,475.9286
1207690192,11.3914,476.4032
1207693792,11.3914,476.8779
1207697392,11.3914,477.3525
1207700992,11.3914,477.8271
1207704592,11.3914,478.3018
1207708192,11.3914,478.7764
1207711792,11.3914,479.2511
1207715392,11.3914,479.7257
1207718992,11.3914,480.2003
1207722592,11.3914,480.675
1207726192,11.3914,481.1496
1207729792,11.3914,481.6243
1207733392,11.3914,482.0989
1207736992,11.3914,482.5735
1207740592,11.3914,483.0482
1207744192,11.3914,483.5228
1207747792,11.3914,483.9975
1207751392,11.3914,484.4721
1207754992,11.3914,484.9467
1207758592,11.3914,485.4214
1207762192,11.3914,485.896
1207765792,11.3914,486.3707
1207769392,11.3914,486.8453
1207772992,11.3914,487.3199
1207776592,11.3914,487.7946
1207780192,11.3914,488.2692
1207783792,11.3914,488.7439
1207787392,11.3914,489.2185
1207790992,11.3914,489.6931
1207794592,11.3914,490.1678
1207798192,11.3914,490.6424
1207801792,11.3914,491.1171
1207805392,11.3914,491.5917
1207808992,11.3914,492.0663
1207812592,11.3914,492.541
1207816192,11.3914,493.0156
1207819792,11.3914,493.4903
1207823392,11.3914,493.9649
1207826992,11.3914,494.4395
1207830592,11.3914,494.9142
1207834192,11.3914,495.3888
1207837792,11.3914,495.8635
1207841392,11.3914,496.3381
1207844992,11.3914,496.8127
1207848592,11.3914,497.2874
1207852192,11.3914,497.762
1207855792,11.3914,498.2367
1207859392,11.3914,498.7113
1207862992,11.3914,499.1859
1207866592,11.3914,499.6606
1207870192,11.3914,500.1352
1207873792,11.3914,500.6099
1207877392,11.3914,501.0845
1207880992,11.3914,501.5591
1207884592,11.3914,502.0338
1207888192,11.3914,502.5084
1207891792,11.3914,502.9831
1207895392,11.3914,503.4577
1207898992,11.3914,503.9323
1207902592,11.3914,504.407
1207906192,11.3914,504.8816
1207909792,11.3914,505.3563
1207913392,11.3914,505.8309
1207916992,11.3914,506.3055
1207920592,11.3914,506.7802
1207924192,11.3914,507.2548
1207927792,11.3914,507.7295
1207931392,11.3914,508.2041
1207934992,11.3914,508.6787
1207938592,11.3914,509.1534
1207942192,11.3914,509.628
1207945792,11.3914,510.1027
1207949392,11.3914,510.5773
1207952992,11.3914,511.0519
1207956592,11.3914,511.5266
1207960192,11.3914,512.0012
1207963792,11.3914,512.4759
1207967392,11.3914,512.9506
1207970992,11.3914,513.4252
1207974592,11.3914,513.8999
1207978192,11.3914,514.3746
1207981792,11.3914,514.8492
1207985392,11.3914,515.3239
1207988992,11.3914,515.7986
1207992592,11.3914,516.2733
1207996192,11.3914,516.7479
1207999792,11.3914,517.2226
1208003392,11.3914,517.6973
1208006992,11.3914,518.1719
1208010592,11.3914,518.6466
1208014192,11.3914,519.1213
1208017792,11.3914,519.5959
1208021392,11.3914,520.0706
1208024992,11.3914,520.5453
1208028592,11.3914,521.02
1208032192,11.3914,521.4946
1208035792,11.3914,521.9693
1208039392,11.3914,522.444
1208042992,11.3914,522.9186
1208046592,11.3914,523.3933
1208050192,11.3914,523.868
1208053792,11.3914,524.3427
1208057392,11.3914,524.8173
1208060992,11.3914,525.292
1208064592,11.3914,525.7667
1208068192,11.3914,526.2413
1208071792,11.3914,526.716
1208075392,11.3914,527.1907
1208078992,11.3914,527.6653
1208082592,11.3914,528.14
1208086192,11.3914,528.6147
1208089792,11.3914,529.0894
1208093392,11.3914,529.564
1208096992,11.3914,530.0387
1208100592,11.3914,530.5134
1208104192,11.3914,530.988
1208107792,11.3914,531.4627
1208111392,11.3914,531.9374
1208114992,11.3914,532.412
1208118592,11.3914,532.8867
1208122192,11.3914,533.3614
1208125792,11.3914,533.8361
1208129392,11.3914,534.3107
1208132992,11.3914,534.7854
1208136592,11.3914,535.2601
1208140192,11.3914,535.7347
1208143792,11.3914,536.2094
1208147392,11.3914,536.6841
1208150992,11.3914,537.1588
1208154592,11.3914,537.6334
1208158192,11.3914,538.1081
1208161792,11.3914,538.5828
1208165392,11.3914,539.0574
1208168992,11.3914,539.5321
1208172592,11.3914,540.0068
1208176192,11.3914,540.4814
1208179792,11.3914,540.9561
1208183392,11.3914,541.4308
1208186992,11.3914,541.9055
1208190592,11.3914,542.3801
1208194192,11.3914,542.8548
1208197792,11.3914,543.3295
1208201392,11.3914,543.8041
1208204992,11.3914,544.2788
1208208592,11.3914,544.7535
1208212192,11.3914,545.2281
1208215792,11.3914,545.7028
1208219392,11.3914,546.1775
1208222992,11.3914,546.6522
1208226592,11.3914,547.1268
1208230192,11.3914,547.6015
1208233792,11.3914,548.0762
1208237392,11.3914,548.5508
1208240992,11.3914,549.0255
1208244592,11.3914,549.5002
1208248192,11.3914,549.9749
1208251792,11.3914,550.4495
1208255392,11.3914,550.9242
1208258992,11.3914,551.3989
1208262592,11.3914,551.8735
1208266192,11.3914,552.3482
1208269792,11.3914,552.8229
1208273392,11.3914,553.2975
1208276992,11.3914,553.7722
1208280592,11.3914,554.2469
1208284192,11.3914,554.7216
1208287792,11.3914,555.1962
1208291392,11.3914,555.6709
1208294992,11.3914,556.1456
1208298592,11.3914,556.6202
1208302192,11.3914,557.0949
1208305792,11.3914,557.5696
1208309392,11.3914,558.0443
1208312992,11.3914,558.5189
1208316592,11.3914,558.9936
1208320192,11.3914,559.4683
1208323792,11.3914,559.9429
1208327392,11.3914,560.4176
1208330992,11.3914,560.8923
1208334592,11.3914,561.3669
1208338192,11.3914,561.8416
1208341792,11.3914,562.3163
1208345392,11.3914,562.791
1208348992,11.3914,563.2656
1208352592,11.3914,563.7403
1208356192,11.3914,564.215
1208359792,11.3914,564.6896
1208363392,11.3914,565.1643
1208366992,11.3914,565.639
1208370592,11.3914,566.1136
1208374192,11.3914,566.5883
1208377792,11.3914,567.063
1208381392,11.3914,567.5377
1208384992,11.3914,568.0123
1208388592,11.3914,568.487
1208392192,11.3914,568.9617
1208395792,11.3914,569.4363
1208399392,11.3914,569.911
1208402992,11.3914,570.3857
1208406592,11.3914,570.8604
1208410192,11.3914,571.335
1208413792,11.3914,571.8097
1208417392,11.3914,572.2844
1208420992,11.3914,572.759
1208424592,11.3914,573.2337
1208428192,11.3914,573.7084
1208431792,11.3914,574.183
1208435392,11.3914,574.6577
1208438992,11.3914,575.1324
1208442592,11.3914,575.6071
1208446192,11.3914,576.0817
1208449792,11.3914,576.5564
1208453392,11.3914,577.0311
1208456992,11.3914,577.5057
1208460592,11.3914,577.9804
1208464192,11.3914,578.4551
1208467792,11.3914,578.9297
1208471392,11.3914,579.4044
1208474992,11.3914,579.8791
1208478592,11.3914,580.3538
1208482192,11.3914,580.8284
1208485792,11.3914,581.3031
1208489392,11.3914,581.7778
1208492992,11.3914,582.2524
1208496592,11.3914,582.7271
1208500192,11.3914,583.2018
1208503792,11.3914,583.6765
1208507392,11.3914,584.1511
1208510992,11.3914,584.6258
1208514592,11.3914,585.1005
1208518192,11.3914,585.5751
1208521792,11.3914,586.0498
1208525392,11.3914,586.5245
1208528992,11.3914,586.9991
1208532592,11.3914,587.4738
1208536192,11.3914,587.9485
1208539792,11.3914,588.4232
1208543392,11.3914,588.8978
1208546992,11.3914,589.3725
1208550592,11.3914,589.8472
1208554192,11.3914,590.3218
1208557792,11.3914,590.7965
1208561392,11.3914,591.2712
1208564992,11.3914,591.7458
1208568592,11.3914,592.2205
1208572192,11.3914,592.6952
1208575792,11.3914,593.1699
1208579392,11.3914,593.6445
1208582992,11.3914,594.1192
1208586592,11.3914,594.5939
1208590192,11.3914,595.0685
1208593792,11.3914,595.5432
1208597392,11.3914,596.0179
1208600992,11.3914,596.4926
1208604592,11.3914,596.9672
1208608192,11.3914,597.4419
1208611792,11.3914,597.9166
1208615392,11.3914,598.3912
1208618992,11.3914,598.8659
1208622592,11.3914,599.3406
1208626192,11.3914,599.8152
1208629792,11.3914,600.2899
1208633392,11.3914,600.7646
1208636992,11.3914,601.2393
1208640592,11.3914,601.7139
1208644192,11.3914,602.1886
1208647792,11.3914,602.6633
1208651392,11.3914,603.1379
1208654992,11.3914,603.6126
1208658592,11.3914,604.0873
1208662192,11.3914,604.562
1208665792,11.3914,605.0366
1208669392,11.3914,605.5113
1208672992,11.3914,605.986
1208676592,11.3914,606.4606
1208680192,11.3914,606.9353
1208683792,11.3914,607.41
1208687392,11.3914,607.8846
1208690992,11.3914,608.3593
1208694592,11.3914,608.834
1208698192,11.3914,609.3087
1208701792,11.3914,609.7833
1208705392,11.3914,610.258
1208708992,11.3914,610.7327
1208712592,11.3914,611.2073
1208716192,11.3914,611.682
1208719792,11.3914,612.1567
1208723392,11.3914,612.6313
1208726992,11.3914,613.106
1208730592,11.3914,613.5807
1208734192,11.3914,614.0554
1208737792,11.3914,614.53
1208741392,11.3914,615.0047
1208744992,11.3914,615.4794
1208748592,11.3914,615.954
1208752192,11.3914,616.4287
1208755792,11.3914,616.9034
1208759392,11.3914,617.3781
1208762992,11.3914,617.8527
1208766592,11.3914,618.3274
1208770192,11.3914,618.8021
1208773792,11.3914,619.2767
1208777392,11.3914,619.7514
1208780992,11.3914,620.2261
1208784592,11.3914,620.7007
1208788192,11.3914,621.1754
1208791792,11.3914,621.6501
1208795392,11.3914,622.1248
1208798992,11.3914,622.5994
1208802592,11.3914,623.0741
1208806192,11.3914,623.5488
1208809792,11.3914,624.0234
1208813392,11.3914,624.4981
1208816992,11.3914,624.9728
1208820592,11.3914,625.4474
1208824192,11.3914,625.9221
1208827792,11.3914,626.3968
1208831392,11.3914,626.8715
1208834992,11.3914,627.3461
1208838592,11.3914,627.8208
1208842192,11.3914,628.2955
1208845792,11.3914,628.7701
1208849392,11.3914,629.2448
1208852992,11.3914,629.7195
1208856592,11.3914,630.1942
1208860192,11.3914,630.6688
1208863792,11.3914,631.1435
1208867392,11.3914,631.6182
1208870992,11.3914,632.0928
1208874592,11.3914,632.5675
1208878192,11.3914,633.0422
1208881792,11.3914,633.5168
1208885392,11.3914,633.9915
1208888992,11.3914,634.4662
1208892592,11.3914,634.9409
1208896192,11.3914,635.4155
1208899792,11.3914,635.8902
1208903392,11.3914,636.3649
1208906992,11.3914,636.8395
1208910592,11.3914,637.3142
1208914192,11.3914,637.7889
1208917792,11.3914,638.2635
1208921392,11.3914,638.7382
1208924992,11.3914,639.2129
1208928592,11.3914,639.6876
1208932192,11.3914,640.1622
1208935792,11.3914,640.6369
1208939392,11.3914,641.1116
1208942992,11.3914,641.5862
1208946592,11.3914,642.0609
1208950192,11.3914,642.5356
1208953792,11.3914,643.0103
1208957392,11.3914,643.4849
1208960992,11.3914,643.9596
1208964592,11.3914,644.4343
1208968192,11.3914,644.9089
1208971792,11.3914,645.3836
1208975392,11.3914,645.8583
1208978992,11.3914,646.3329
1208982592,11.3914,646.8076
1208986192,11.3914,647.2823
1208989792,11.3914,647.757
1208993392,11.3914,648.2316
1208996992,11.3914,648.7063
1209000592,11.3914,649.181
1209004192,11.3914,649.6556
1209007792,11.3914,650.1303
1209011392,11.3914,650.605
1209014992,11.3914,651.0797
1209018592,11.3914,651.5543
1209022192,11.3914,652.029
1209025792,11.3914,652.5037
1209029392,11.3914,652.9783
1209032992,11.3914,653.453
1209036592,11.3914,653.9277
1209040192,11.3914,654.4023
1209043792,11.3914,654.877
1209047392,11.3914,655.3517
1209050992,11.3914,655.8264
1209054592,11.3914,656.301
1209058192,11.3914,656.7757
1209061792,11.3914,657.2504
1209065392,11.3914,657.725
1209068992,11.3914,658.1997
1209072592,11.3914,658.6744
1209076192,11.3914,659.149
1209079792,11.3914,659.6237
1209083392,11.3914,660.0984
1209086992,11.3914,660.5731
1209090592,11.3914,661.0477
1209094192,11.3914,661.5224
1209097792,11.3914,661.9971
1209101392,11.3914,662.4717
1209104992,11.3914,662.9464
1209108592,11.3914,663.4211
1209112192,11.3914,663.8958
1209115792,11.3914,664.3704
1209119392,11.3914,664.8451
1209122992,11.3914,665.3198
1209126592,11.3914,665.7944
1209130192,11.3914,666.2691
1209133792,11.3914,666.7438
1209137392,11.3914,667.2184
1209140992,11.3914,667.6931
1209144592,11.3914,668.1678
1209148192,11.3914,668.6425
1209151792,11.3914,669.1171
1209155392,11.3914,669.5918
1209158992,11.3914,670.0665
1209162592,11.3914,670.5411
1209166192,11.3914,671.0158
1209169792,11.3914,671.4905
1209173392,11.3914,671.9651
1209176992,11.3914,672.4398
1209180592,11.3914,672.9145
1209184192,11.3914,673.3892
1209187792,11.3914,673.8638
1209191392,11.3914,674.3385
1209194992,11.3914,674.8132
1209198592,11.3914,675.2878
1209202192,11.3914,675.7625
1209205792,11.3914,676.2372
1209209392,11.3914,676.7119
1209212992,11.3914,677.1865
1209216592,11.3914,677.6612
1209220192,11.3914,678.1359
1209223792,11.3914,678.6105
1209227392,11.3914,679.0852
1209230992,11.3914,679.5599
1209234592,11.3914,680.0345
1209238192,11.3914,680.5092
1209241792,11.3914,680.9839
1209245392,11.3914,681.4586
1209248992,11.3914,681.9332
1209252592,11.3914,682.4079
1209256192,11.3914,682.8826
1209259792,11.3914,683.3572
1209263392,11.3914,683.8319
1209266992,11.3914,684.3066
1209270592,11.3914,684.7812
1209274192,11.3914,685.2559
1209277792,11.3914,685.7306
1209281392,11.3914,686.2053
1209284992,11.3914,686.6799
1209288592,11.3914,687.1546
1209292192,11.3914,687.6293
1209295792,11.3914,688.1039
1209299392,11.3914,688.5786
1209302992,11.3914,689.0533
1209306592,11.3914,689.528
1209310192,11.3914,690.0026
1209313792,11.3914,690.4773
1209317392,11.3914,690.952
1209320992,11.3914,691.4266
1209324592,11.3914,691.9013
1209328192,11.3914,692.376
1209331792,11.3914,692.8506
1209335392,11.3914,693.3253
1209338992,11.3914,693.8
1209342592,11.3914,694.2747
1209346192,11.3914,694.7493
1209349792,11.3914,695.224
1209353392,11.3914,695.6987
1209356992,11.3914,696.1733
1209360592,11.3914,696.648
1209364192,11.3914,697.1227
1209367792,11.3914,697.5974
1209371392,11.3914,698.072
1209374992,11.3914,698.5467
1209378592,11.3914,699.0214
1209382192,11.3914,699.496
1209385792,11.3914,699.9707
1209389392,11.3914,700.4454
1209392992,11.3914,700.92
1209396592,11.3914,701.3947
1209400192,11.3914,701.8694
1209403792,11.3914,702.3441
1209407392,11.3914,702.8187
1209410992,11.3914,703.2934
1209414592,11.3914,703.7681
1209418192,11.3914,704.2427
1209421792,11.3914,704.7174
1209425392,11.3914,705.1921
1209428992,11.3914,705.6667
1209432592,11.3914,706.1414
1209436192,11.3914,706.6161
1209439792,11.3914,707.0908
1209443392,11.3914,707.5654
1209446992,11.3914,708.0401
1209450592,11.3914,708.5148
1209454192,11.3914,708.9894
1209457792,11.3914,709.4641
1209461392,11.3914,709.9388
1209464992,11.3914,710.4135
1209468592,11.3914,710.8881
1209472192,11.3914,711.3628
1209475792,11.3914,711.8375
1209479392,11.3914,712.3121
1209482992,11.3914,712.7868
1209486592,11.3914,713.2615
1209490192,11.3914,713.7361
1209493792,11.3914,714.2108
1209497392,11.3914,714.6855
1209500992,11.3914,715.1602
1209504592,11.3914,715.6348
1209508192,11.3914,716.1095
1209511792,11.3914,716.5842
1209515392,11.3914,717.0588
1209518992,11.3914,717.5335
1209522592,11.3914,718.0082
1209526192,11.3914,718.4828
1209529792,11.3914,718.9575
1209533392,11.3914,719.4322
1209536992,11.3914,719.9069
1209540592,11.3914,720.3815
1209544192,11.3914,720.8562
1209547792,11.3914,721.3309
1209551392,11.3914,721.8055
1209554992,11.3914,722.2802
1209558592,11.3914,722.7549
1209562192,11.3914,723.2296
1209565792,11.3914,723.7042
1209569392,11.3914,724.1789
1209572992,11.3914,724.6536
1209576592,11.3914,725.1282
1209580192,11.3914,725.6029
1209583792,11.3914,726.0776
1209587392,11.3914,726.5522
1209590992,11.3914,727.0269
1209594592,11.3914,727.5016
1209598192,11.3914,727.9763
1209601792,11.3914,728.4509
1209605392,11.3914,728.9256
1209608992,11.3914,729.4003
1209612592,11.3914,729.8749
1209616192,11.3914,730.3496
1209619792,11.3914,730.8243
1209623392,11.3914,731.299
1209626992,11.3914,731.7736
1209630592,11.3914,732.2483
1209634192,11.3914,732.723
1209637792,11.3914,733.1976
1209641392,11.3914,733.6723
1209644992,11.3914,734.147
1209648592,11.3914,734.6216
1209652192,11.3914,735.0963
1209655792,11.3914,735.571
1209659392,11.3914,736.0457
1209662992,11.3914,736.5203
1209666592,11.3914,736.995
1209670192,11.3914,737.4697
1209673792,11.3914,737.9443
1209677392,11.3914,738.419
1209680992,11.3914,738.8937
1209684592,11.3914,739.3683
1209688192,11.3914,739.843
1209691792,11.3914,740.3177
1209695392,11.3914,740.7924
1209698992,11.3914,741.267
1209702592,11.3914,741.7417
1209706192,11.3914,742.2164
1209709792,11.3914,742.691
1209713392,11.3914,743.1657
1209716992,11.3914,743.6404
1209720592,11.3914,744.1151
1209724192,11.3914,744.5897
1209727792,11.3914,745.0644
1209731392,11.3914,745.5391
1209734992,11.3914,746.0137
1209738592,11.3914,746.4884
1209742192,11.3914,746.9631
1209745792,11.3914,747.4377
1209749392,11.3914,747.9124
1209752992,11.3914,748.3871
1209756592,11.3914,748.8618
1209760192,11.3914,749.3364
1209763792,11.3914,749.8111
1209767392,11.3914,750.2858
1209770992,11.3914,750.7604
1209774592,11.3914,751.2351
1209778192,11.3914,751.7098
1209781792,11.3914,752.1844
1209785392,11.3914,752.6591
1209788992,11.3914,753.1338
1209792592,11.3914,753.6085
1209796192,11.3914,754.0831
1209799792,11.3914,754.5578
1209803392,11.3914,755.0325
1209806992,11.3914,755.5071
1209810592,11.3914,755.9818
1209814192,11.3914,756.4565
1209817792,11.3914,756.9312
1209821392,11.3914,757.4058
1209824992,11.3914,757.8805
1209828592,11.3914,758.3552
1209832192,11.3914,758.8298
1209835792,11.3914,759.3045
1209839392,11.3914,759.7792
1209842992,11.3914,760.2538
1209846592,11.3914,760.7285
1209850192,11.3914,761.2032
1209853792,11.3914,761.6779
1209857392,11.3914,762.1525
1209860992,11.3914,762.6272
1209864592,11.3914,763.1019
1209868192,11.3914,763.5765
1209871792,11.3914,764.0512
1209875392,11.3914,764.5259
1209878992,11.3914,765.0005
1209882592,11.3914,765.4752
1209886192,11.3914,765.9499
1209889792,11.3914,766.4246
1209893392,11.3914,766.8992
1209896992,11.3914,767.3739
1209900592,11.3914,767.8486
1209904192,11.3914,768.3232
1209907792,11.3914,768.7979
1209911392,11.3914,769.2726
1209914992,11.3914,769.7473
1209918592,11.3914,770.2219
1209922192,11.3914,770.6966
1209925792,11.3914,771.1713
1209929392,11.3914,771.6459
1209932992,11.3914,772.1206
1209936592,11.3914,772.5953
1209940192,11.3914,773.0699
1209943792,11.3914,773.5446
1209947392,11.3914,774.0193
1209950992,11.3914,774.494
1209954592,11.3914,774.9686
1209958192,11.3914,775.4433
1209961792,11.3914,775.918
1209965392,11.3914,776.3926
1209968992,11.3914,776.8673
1209972592,11.3914,777.342
1209976192,11.3914,777.8167
1209979792,11.3914,778.2913
1209983392,11.3914,778.766
1209986992,11.3914,779.2407
1209990592,11.3914,779.7153
1209994192,11.3914,780.19
1209997792,11.3914,780.6647
1210001392,11.3914,781.1393
1210004992,11.3914,781.614
1210008592,11.3914,782.0887
1210012192,11.3914,782.5634
1210015792,11.3914,783.038
1210019392,11.3914,783.5127
1210022992,11.3914,783.9874
1210026592,11.3914,784.462
1210030192,11.3914,784.9367
1210033792,11.3914,785.4114
1210037392,11.3914,785.886
1210040992,11.3914,786.3607
1210044592,11.3914,786.8354
1210048192,11.3914,787.3101
1210051792,11.3914,787.7847
1210055392,11.3914,788.2594
1210058992,11.3914,788.7341
1210062592,11.3914,789.2087
1210066192,11.3914,789.6834
1210069792,11.3914,790.1581
1210073392,11.3914,790.6328
1210076992,11.3914,791.1074
1210080592,11.3914,791.5821
1210084192,11.3914,792.0568
1210087792,11.3914,792.5314
1210091392,11.3914,793.0061
1210094992,11.3914,793.4808
1210098592,11.3914,793.9554
1210102192,11.3914,794.4301
1210105792,11.3914,794.9048
1210109392,11.3914,795.3795
1210112992,11.3914,795.8541
1210116592,11.3914,796.3288
1210120192,11.3914,796.8035
1210123792,11.3914,797.2781
1210127392,11.3914,797.7528
1210130992,11.3914,798.2275
1210134592,11.3914,798.7021
1210138192,11.3914,799.1768
1210141792,11.3914,799.6515
1210145392,11.3914,800.1262
1210148992,11.3914,800.6008
1210152592,11.3914,801.0755
1210156192,11.3914,801.5502
1210159792,11.3914,802.0248
1210163392,11.3914,802.4995
1210166992,11.3914,802.9742
1210170592,11.3914,803.4489
1210174192,11.3914,803.9235
1210177792,11.3914,804.3982
1210181392,11.3914,804.8729
1210184992,11.3914,805.3475
1210188592,11.3914,805.8222
1210192192,11.3914,806.2969
1210195792,11.3914,806.7715
1210199392,11.3914,807.2462
1210202992,11.3914,807.7209
1210206592,11.3914,808.1956
1210210192,11.3914,808.6702
1210213792,11.3914,809.1449
1210217392,11.3914,809.6196
1210220992,11.3914,810.0942
1210224592,11.3914,810.5689
1210228192,11.3914,811.0436
1210231792,11.3914,811.5182
1210235392,11.3914,811.9929
1210238992,11.3914,812.4676
1210242592,11.3914,812.9423
1210246192,11.3914,813.4169
1210249792,11.3914,813.8916
1210253392,11.3914,814.3663
1210256992,11.3914,814.8409
1210260592,11.3914,815.3156
1210264192,11.3914,815.7903
1210267792,11.3914,816.265
1210271392,11.3914,816.7396
1210274992,11.3914,817.2143
1210278592,11.3914,817.689
1210282192,11.3914,818.1636
1210285792,11.3914,818.6383
1210289392,11.3914,819.113
1210292992,11.3914,819.5876
1210296592,11.3914,820.0623
1210300192,11.3914,820.537
1210303792,11.3914,821.0117
1210307392,11.3914,821.4863
1210310992,11.3914,821.961
1210314592,11.3914,822.4357
1210318192,11.3914,822.9103
1210321792,11.3914,823.385
1210325392,11.3914,823.8597
1210328992,11.3914,824.3344
1210332592,11.3914,824.809
1210336192,11.3914,825.2837
1210339792,11.3914,825.7584
1210343392,11.3914,826.233
1210346992,11.3914,826.7077
1210350592,11.3914,827.1824
1210354192,11.3914,827.657
1210357792,11.3914,828.1317
1210361392,11.3914,828.6064
1210364992,11.3914,829.0811
1210368592,11.3914,829.5557
1210372192,11.3914,830.0304
1210375792,11.3914,830.5051
1210379392,11.3914,830.9797
1210382992,11.3914,831.4544
1210386592,11.3914,831.9291
1210390192,11.3914,832.4037
1210393792,11.3914,832.8784
1210397392,11.3914,833.3531
1210400992,11.3914,833.8278
1210404592,11.3914,834.3024
1210408192,11.3914,834.7771
1210411792,11.3914,835.2518
1210415392,11.3914,835.7264
1210418992,11.3914,836.2011
1210422592,11.3914,836.6758
1210426192,11.3914,837.1505
1210429792,11.3914,837.6251
1210433392,11.3914,838.0998
1210436992,11.3914,838.5745
1210440592,11.3914,839.0491
1210444192,11.3914,839.5238
1210447792,11.3914,839.9985
1210451392,11.3914,840.4731
1210454992,11.3914,840.9478
1210458592,11.3914,841.4225
1210462192,11.3914,841.8972
1210465792,11.3914,842.3718
1210469392,11.3914,842.8465
1210472992,11.3914,843.3212
1210476592,11.3914,843.7958
1210480192,11.3914,844.2705
1210483792,11.3914,844.7452
1210487392,11.3914,845.2198
1210490992,11.3914,845.6945
1210494592,11.3914,846.1692
1210498192,11.3914,846.6439
1210501792,11.3914,847.1185
1210505392,11.3914,847.5932
1210508992,11.3914,848.0679
1210512592,11.3914,848.5425
1210516192,11.3914,849.0172
1210519792,11.3914,849.4919
1210523392,11.3914,849.9666
1210526992,11.3914,850.4412
1210530592,11.3914,850.9159
1210534192,11.3914,851.3906
1210537792,11.3914,851.8652
1210541392,11.3914,852.3399
1210544992,11.3914,852.8146
1210548592,11.3914,853.2892
1210552192,11.3914,853.7639
1210555792,11.3914,854.2386
1210559392,11.3914,854.7133
1210562992,11.3914,855.1879
1210566592,11.3914,855.6626
1210570192,11.3914,856.1373
1210573792,11.3914,856.6119
1210577392,11.3914,857.0866
1210580992,11.3914,857.5613
1210584592,11.3914,858.0359
1210588192,11.3914,858.5106
1210591792,11.3914,858.9853
1210595392,11.3914,859.46
1210598992,11.3914,859.9346
1210602592,11.3914,860.4093
1210606192,11.3914,860.884
1210609792,11.3914,861.3586
1210613392,11.3914,861.8333
1210616992,11.3914,862.308
1210620592,11.3914,862.7827
1210624192,11.3914,863.2573
1210627792,11.3914,863.732
1210631392,11.3914,864.2067
1210634992,11.3914,864.6813
1210638592,11.3914,865.156
1210642192,11.3914,865.6307
1210645792,11.3914,866.1053
1210649392,11.3914,866.58
1210652992,11.3914,867.0547
1210656592,11.3914,867.5294
1210660192,11.3914,868.004
1210663792,11.3914,868.4787
1210667392,11.3914,868.9534
1210670992,11.3914,869.428
1210674592,11.3914,869.9027
1210678192,11.3914,870.3774
1210681792,11.3914,870.8521
1210685392,11.3914,871.3267
1210688992,11.3914,871.8014
1210692592,11.3914,872.2761
1210696192,11.3914,872.7507
1210699792,11.3914,873.2254
1210703392,11.3914,873.7001
1210706992,11.3914,874.1747
1210710592,11.3914,874.6494
1210714192,11.3914,875.1241
1210717792,11.3914,875.5988
1210721392,11.3914,876.0734
1210724992,11.3914,876.5481
1210728592,11.3914,877.0228
1210732192,11.3914,877.4974
1210735792,11.3914,877.9721
1210739392,11.3914,878.4468
1210742992,11.3914,878.9214
1210746592,11.3914,879.3961
1210750192,11.3914,879.8708
1210753792,11.3914,880.3455
1210757392,11.3914,880.8201
1210760992,11.3914,881.2948
1210764592,11.3914,881.7695
1210768192,11.3914,882.2441
1210771792,11.3914,882.7188
1210775392,11.3914,883.1935
1210778992,11.3914,883.6682
1210782592,11.3914,884.1428
1210786192,11.3914,884.6175
1210789792,11.3914,885.0922
1210793392,11.3914,885.5668
1210796992,11.3914,886.0415
1210800592,11.3914,886.5162
1210804192,11.3914,886.9908
1210807792,11.3914,887.4655
1210811392,11.3914,887.9402
1210814992,11.3914,888.4149
1210818592,11.3914,888.8895
1210822192,11.3914,889.3642
1210825792,11.3914,889.8389
1210829392,11.3914,890.3135
1210832992,11.3914,890.7882
1210836592,11.3914,891.2629
1210840192,11.3914,891.7375
1210843792,11.3914,892.2122
1210847392,11.3914,892.6869
1210850992,11.3914,893.1616
1210854592,11.3914,893.6362
1210858192,11.3914,894.1109
1210861792,11.3914,894.5856
1210865392,11.3914,895.0602
1210868992,11.3914,895.5349
1210872592,11.3914,896.0096
1210876192,11.3914,896.4843
1210879792,11.3914,896.9589
1210883392,11.3914,897.4336
1210886992,11.3914,897.9083
1210890592,11.3914,898.3829
1210894192,11.3914,898.8576
1210897792,11.3914,899.3323
1210901392,11.3914,899.8069
1210904992,11.3914,900.2816
1210908592,11.3914,900.7563
1210912192,11.3914,901.231
1210915792,11.3914,901.7056
1210919392,11.3914,902.1803
1210922992,11.3914,902.655
1210926592,11.3914,903.1296
1210930192,11.3914,903.6043
1210933792,11.3914,904.079
1210937392,11.3914,904.5536
1210940992,11.3914,905.0283
1210944592,11.3914,905.503
1210948192,11.3914,905.9777
1210951792,11.3914,906.4523
1210955392,11.3914,906.927
1210958992,11.3914,907.4017
1210962592,11.3914,907.8763
1210966192,11.3914,908.351
1210969792,11.3914,908.8257
1210973392,11.3914,909.3004
1210976992,11.3914,909.775
1210980592,11.3914,910.2497
1210984192,11.3914,910.7244
1210987792,11.3914,911.199
1210991392,11.3914,911.6737
1210994992,11.3914,912.1484
1210998592,11.3914,912.623
1211002192,11.3914,913.0977
1211005792,11.3914,913.5724
1211009392,11.3914,914.0471
1211012992,11.3914,914.5217
1211016592,11.3914,914.9964
1211020192,11.3914,915.4711
1211023792,11.3914,915.9457
1211027392,11.3914,916.4204
1211030992,11.3914,916.8951
1211034592,11.3914,917.3698
1211038192,11.3914,917.8444
1211041792,11.3914,918.3191
1211045392,11.3914,918.7938
1211048992,11.3914,919.2684
1211052592,11.3914,919.7431
1211056192,11.3914,920.2178
1211059792,11.3914,920.6924
1211063392,11.3914,921.1671
1211066992,11.3914,921.6418
1211070592,11.3914,922.1165
1211074192,11.3914,922.5911
1211077792,11.3914,923.0658
1211081392,11.3914,923.5405
1211084992,11.3914,924.0151
1211088592,11.3914,924.4898
1211092192,11.3914,924.9645
1211095792,11.3914,925.4391
1211099392,11.3914,925.9138
1211102992,11.3914,926.3885
1211106592,11.3914,926.8632
1211110192,11.3914,927.3378
1211113792,11.3914,927.8125
1211117392,11.3914,928.2872
1211120992,11.3914,928.7618
1211124592,11.3914,929.2365
1211128192,11.3914,929.7112
1211131792,11.3914,930.1859
1211135392,11.3914,930.6605
1211138992,11.3914,931.1352
1211142592,11.3914,931.6099
1211146192,11.3914,932.0845
1211149792,11.3914,932.5592
1211153392,11.3914,933.0339
1211156992,11.3914,933.5085
1211160592,11.3914,933.9832
1211164192,11.3914,934.4579
1211167792,11.3914,934.9326
1211171392,11.3914,935.4072
1211174992,11.3914,935.8819
1211178592,11.3914,936.3566
1211182192,11.3914,936.8312
1211185792,11.3914,937.3059
1211189392,11.3914,937.7806
1211192992,11.3914,938.2552
1211196592,11.3914,938.7299
1211200192,11.3914,939.2046
1211203792,11.3914,939.6793
1211207392,11.3914,940.1539
1211210992,11.3914,940.6286
1211214592,11.3914,941.1033
1211218192,11.3914,941.5779
1211221792,11.3914,942.0526
1211225392,11.3914,942.5273
1211228992,11.3914,943.002
1211232592,11.3914,943.4766
1211236192,11.3914,943.9513
1211239792,11.3914,944.426
